NOAA 15                 
1 25338U 98030A   21282.52248031  .00000056  00000-0  41751-4 0  9994
2 25338  98.6742 309.9831 0009509 312.6749  47.3629 14.26062233217502
DMSP 5D-3 F15 (USA 147) 
1 25991U 99067A   21282.21422073  .00000044  00000-0  45075-4 0  9996
2 25991  99.0294 264.8280 0010104 175.7418 195.7816 14.16472556128223
METEOSAT-8 (MSG-1)      
1 27509U 02040B   21281.89206052  .00000136  00000-0  00000-0 0  9995
2 27509   7.5746  51.9071 0001124 168.5252 159.8555  1.00271527 70082
DMSP 5D-3 F16 (USA 172) 
1 28054U 03048A   21282.41610623  .00000002  00000-0  24806-4 0  9998
2 28054  98.9656 267.2580 0006739 313.8407 165.6857 14.13638223927565
NOAA 18                 
1 28654U 05018A   21282.41031871  .00000124  00000-0  91353-4 0  9991
2 28654  98.9828 347.6668 0013523 323.6573  36.3679 14.12644991844623
METEOSAT-9 (MSG-2)      
1 28912U 05049B   21281.67896609  .00000018  00000-0  00000-0 0  9994
2 28912   5.4549  67.7871 0000953  32.2175 165.3290  1.00274559 57869
FORMOSAT-3 FM6          
1 29047U 06011A   21281.87438057  .00000234  00000-0  10780-3 0  9994
2 29047  71.9785 213.4220 0051890 315.0697  44.6245 14.28844098809627
FORMOSAT-3 FM1          
1 29048U 06011B   21282.04489649  .00000106  00000-0  58212-4 0  9999
2 29048  71.9645 123.4303 0045460 275.3723  84.2228 14.28807581812136
FORMOSAT-3 FM5          
1 29049U 06011C   21281.73986602  .00000101  00000-0  56064-4 0  9994
2 29049  72.0191 298.4228 0037059 296.8396  62.8953 14.28889923807875
FORMOSAT-3 FM3          
1 29050U 06011D   21282.05442515  .00000409  00000-0  95753-4 0  9991
2 29050  72.0177  34.8838 0049529 177.1631 182.9813 14.59131651826230
FORMOSAT-3 FM4          
1 29051U 06011E   21281.86862133  .00000119  00000-0  62036-4 0  9998
2 29051  72.0056 199.2844 0068190 179.2020 180.9239 14.28921276810475
FORMOSAT-3 FM2          
1 29052U 06011F   21282.39278056  .00000063  00000-0  40975-4 0  9999
2 29052  72.0324 273.8518 0042352 256.1541 103.4882 14.29030798808939
EWS-G1 (GOES 13)        
1 29155U 06018A   21281.83388306  .00000033  00000-0  00000-0 0  9996
2 29155   0.1555 113.5500 0006886  98.9278 167.1158  1.00268823 26205
METOP-A                 
1 29499U 06044A   21282.51292653  .00000018  00000-0  27119-4 0  9998
2 29499  98.4615 317.1695 0000846  67.3596  67.6614 14.21512777776944
DMSP 5D-3 F17 (USA 191) 
1 29522U 06050A   21282.52591980  .00000026  00000-0  36498-4 0  9997
2 29522  98.7814 297.1402 0008771 253.3926 106.6284 14.14046509770439
FENGYUN 3A              
1 32958U 08026A   21282.53116421  .00000020  00000-0  29716-4 0  9992
2 32958  98.4649 250.9455 0009453  35.2287 324.9513 14.18670502692757
FENGYUN 2E              
1 33463U 08066A   21281.98232833 -.00000200  00000-0  00000+0 0  9993
2 33463   5.3526  66.6368 0002667 327.0030  64.2835  1.00267069 46923
NOAA 19                 
1 33591U 09005A   21282.52620161  .00000048  00000-0  51046-4 0  9995
2 33591  99.1780 306.0292 0014135 168.8829 191.2657 14.12499830653023
GOES 14                 
1 35491U 09033A   21281.58539854 -.00000096  00000-0  00000-0 0  9994
2 35491   0.3357 281.2904 0015554 292.5350 270.1386  1.00271068 44947
METEOR-M 1              
1 35865U 09049A   21282.39358889  .00000008  00000-0  22352-4 0  9993
2 35865  98.4932 256.4674 0001397 213.9882 146.1207 14.22286149626005
DMSP 5D-3 F18 (USA 210) 
1 35951U 09057A   21282.45903331  .00000081  00000-0  65741-4 0  9993
2 35951  98.6928 263.4701 0012284  82.3646 277.8922 14.13402007617661
GOES 15                 
1 36411U 10008A   21281.65246931  .00000052  00000-0  00000-0 0  9991
2 36411   0.3649 275.6848 0000930 231.2738 337.4948  1.00262578 42507
COMS 1                  
1 36744U 10032A   21281.84714021 -.00000346  00000-0  00000-0 0  9995
2 36744   0.4825  95.9830 0000878  84.5812 270.2856  1.00271913 33910
FENGYUN 3B              
1 37214U 10059A   21282.50687126  .00000030  00000-0  38925-4 0  9996
2 37214  99.0875 278.8365 0017026 354.4400   5.6582 14.16001430565475
SUOMI NPP               
1 37849U 11061A   21282.42573733  .00000013  00000-0  26915-4 0  9990
2 37849  98.7441 219.6084 0001036  61.4858  47.4683 14.19545569515572
FENGYUN 2F              
1 38049U 12002A   21282.16892225 -.00000359  00000-0  00000+0 0  9996
2 38049   3.1800  81.4326 0002294  10.0952  99.4621  1.00278228 35724
METEOSAT-10 (MSG-3)     
1 38552U 12035B   21282.53938111  .00000060  00000-0  00000+0 0  9995
2 38552   1.2524  21.7116 0001548 189.7730  10.5743  1.00278681 34055
METOP-B                 
1 38771U 12049A   21282.41150674  .00000025  00000-0  31475-4 0  9996
2 38771  98.7028 340.9796 0001972  71.4030 352.2466 14.21487496470065
FENGYUN 3C              
1 39260U 13052A   21282.40465676  .00000027  00000-0  34709-4 0  9990
2 39260  98.4885 317.8387 0009989 279.3688  80.6360 14.15880446416396
METEOR-M 2              
1 40069U 14037A   21282.38853412  .00000003  00000-0  20899-4 0  9998
2 40069  98.4541 306.4086 0005270 343.3185  16.7824 14.20689569376217
HIMAWARI-8              
1 40267U 14060A   21282.42382653 -.00000278  00000-0  00000+0 0  9995
2 40267   0.0181 223.9929 0000701 336.7594 110.7402  1.00273782 25699
FENGYUN 2G              
1 40367U 14090A   21282.05672539 -.00000304  00000-0  00000+0 0  9993
2 40367   1.3051  91.6406 0002414 272.1865 134.2366  1.00269907 24870
METEOSAT-11 (MSG-4)     
1 40732U 15034A   21281.67896609 -.00000004  00000-0  00000-0 0  9999
2 40732   0.3492 114.4707 0001282  16.0147 131.7566  1.00263706 22853
ELEKTRO-L 2             
1 41105U 15074A   21281.94493722 -.00000116  00000-0  00000-0 0  9991
2 41105   2.3554  91.0850 0002873  99.2352 153.1571  1.00270998 21344
HIMAWARI-9              
1 41836U 16064A   21281.84958233 -.00000277  00000-0  00000-0 0  9992
2 41836   0.0251 124.9588 0000463  37.9013 301.4663  1.00270816 18024
GOES 16                 
1 41866U 16071A   21282.44479390 -.00000252  00000-0  00000+0 0  9994
2 41866   0.1009  77.0130 0000574 145.0342 241.1844  1.00272241 17944
FENGYUN 4A              
1 41882U 16077A   21282.21979719 -.00000332  00000-0  00000+0 0  9992
2 41882   0.2109 285.0314 0004049 114.7285 162.0984  1.00267515 17819
CYGFM05                 
1 41884U 16078A   21281.81530197  .00001008  00000-0  54101-4 0  9999
2 41884  34.9572 327.3766 0015696 357.3432   2.7194 15.15189510266682
CYGFM04                 
1 41885U 16078B   21281.82131872  .00001055  00000-0  55746-4 0  9996
2 41885  34.9502 317.9437 0013915  11.5439 348.5590 15.15699229266778
CYGFM02                 
1 41886U 16078C   21281.81481923  .00001049  00000-0  55449-4 0  9994
2 41886  34.9594 320.0567 0014720   6.3654 353.7242 15.15699143266693
CYGFM01                 
1 41887U 16078D   21281.84695894  .00001006  00000-0  54306-4 0  9996
2 41887  34.9542 329.1097 0016194 357.3613   2.7011 15.14978007266666
CYGFM08                 
1 41888U 16078E   21281.83840465  .00001042  00000-0  55541-4 0  9994
2 41888  34.9508 322.9257 0015231   7.1802 352.9126 15.15399544266693
CYGFM06                 
1 41889U 16078F   21281.79575807  .00001066  00000-0  56326-4 0  9993
2 41889  34.9590 318.8756 0013668   5.9294 354.1578 15.15693247266632
CYGFM07                 
1 41890U 16078G   21282.43336392  .00001041  00000-0  55067-4 0  9995
2 41890  34.9526 313.7845 0013338  15.6254 344.4868 15.15689538266861
CYGFM03                 
1 41891U 16078H   21282.43109812  .00001041  00000-0  55068-4 0  9992
2 41891  34.9558 314.1960 0012847  13.7836 346.3224 15.15685298266854
FENGYUN 3D              
1 43010U 17072A   21282.45020595  .00000010  00000-0  25544-4 0  9995
2 43010  98.7968 223.6098 0002088 115.5973 244.5414 14.19779061202166
NOAA 20                 
1 43013U 17073A   21282.50966691  .00000026  00000-0  33264-4 0  9996
2 43013  98.7273 219.4476 0001353  75.2867 284.8459 14.19556168201626
GOES 17                 
1 43226U 18022A   21281.72224382  .00000095  00000-0  00000-0 0  9998
2 43226   0.0500 293.7497 0000220 241.3415 325.2973  1.00272832 13245
FENGYUN 2H              
1 43491U 18050A   21281.73133988 -.00000129  00000-0  00000-0 0  9994
2 43491   0.5147 104.6680 0004008  38.2906 216.9139  1.00274901 12261
METOP-C                 
1 43689U 18087A   21282.43552010  .00000025  00000-0  31324-4 0  9993
2 43689  98.7226 340.9747 0003713  59.3683 300.7860 14.21481248151644
GEO-KOMPSAT-2A          
1 43823U 18100A   21281.77535969 -.00000346  00000-0  00000-0 0  9999
2 43823   0.0408 333.5378 0001515 249.2478 202.2276  1.00274475 10444
METEOR-M2 2             
1 44387U 19038A   21282.46586213 -.00000017  00000-0  11815-4 0  9996
2 44387  98.6836 240.7757 0000617 341.7662  18.3492 14.23692020117693
FENGYUN 3E              
1 49008U 21062A   21282.48962660 -.00000012  00000-0  15008-4 0  9990
2 49008  98.7065 283.4806 0002309  32.1600 327.9723 14.19813313 13703
